%YAML:1.0
---
intrinsics: !!opencv-matrix
   rows: 3
   cols: 3
   dt: d
   data: [ 1.5199143037604513e+03, 0., 9.6243177386240905e+02, 0.,
       1.5313924031551660e+03, 7.4096506629214161e+02, 0., 0., 1. ]
dist_coeffs: !!opencv-matrix
   rows: 1
   cols: 5
   dt: d
   data: [ 2.5461633690448343e-01, -1.1609815742128977e+00,
       -2.8241573883798575e-04, 1.8757061830890296e-03,
       1.6832515443667824e+00 ]
width: 1920
height: 1440
